SBSP
140
4
7000
5000
29
1018
10
0
0
0
10
A
1
750
600
7
SWR8850
MD11
3
TRUE
256
A
2
1550
1200
1
PTYAE
AS50
5
TRUE
76
P
3
750
600
7
PTN4417
AT72
2
TRUE
256
10
25
P
4
900
600
7
IBE0220
A340
3
TRUE
256
10
25
P
5
1350
300
7
TAM3100
A320
3
TRUE
346
10
25
P
6
-14500
820
6
PTWHX
LJ35
4
FALSE
166
180
4600
10
3
P
7
3000
-4000
3
FAB2002
E120
2
FALSE
76
150
4000
10
20
P
8
-14500
820
7
ARG5732
B777
3
FALSE
166
190
4600
10
18
P
9
-14500
820
7
GLO1603
B738
3
FALSE
166
180
4500
10
5
P
10
16700
820
6
PTBTR
LJ55
3
FALSE
346
180
4600
10
36
