SBBR
280
10
1200
6000
28
915
10
00
00
0
15
P
1
2000 -23000
7
VSP210  B737
3
FALSE
14
180
6500
10
01
P
2
-28000 -1000
7
TBA470  B727
3
FALSE
104
180
6700
10
01
P
3
-3000 5000
3
FAB2281
C95
2
FALSE
140
140
5000
10
01
A
4
1000 700
7
VRG345  B737
3
TRUE
284
P
5
32000 1480
7
VRG810  B747
3
FALSE
284
190
7000
10 05
P
6
2735 825
7
ARG220  B747
3
TRUE
284
10 10
P
7
-7000 1480
1
 PTHJO  H350
5
FALSE
104
110
5800
10 20
P
8
18000 1480
7
CRZ245  B737
3
FALSE
284
200
7000
10 23
P
9
0 -18000
8
FAB4900 F103
4
FALSE
44
200
8000
10 26
P
10
20000 -16000
2
 PTRVI  E810
2
FALSE
354
140
6000
10 30
P
11
2870 1875
7
FAB001  B707
3
TRUE
194
10 33
P
12
-19000 0
2
 PTRUB  BE55
1
FALSE
104
130
6200
10 35
P
13
2000 19000
7
VRG123  DC10
3
FALSE
194
200
7000
10 40
P
14
2465 825
7
BAW245  L101
3
TRUE
194
10 45
A
15
-15000 1480
8
FAB2501
F_5
4
FALSE
104
870
6500
