SBSP
210
8
7000
2500
19
1012
9
30
0
0
9
A
1
750
600
7
GLO1642
B738
3
TRUE
256
A
2
950
600
7
JAL7155
B744
3
TRUE
256
A
3
1550
1200
1
FAB8734
PUMA
5
TRUE
76
P
4
-14500
820
4
FAB2287
E110
2
FALSE
166
140
4600
9
33
P
5
-14500
820
7
TAM3121
A319
3
FALSE
166
180
4600
9
38
P
6
16700
820
7
PTN1454
AT42
2
FALSE
346
180
4600
9
47
P
7
500
6000
2
PTMAN
E121
1
FALSE
256
140
4500
9
50
P
8
500
-4000
2
PTVCN
PA34
1
FALSE
76
120
4600
9
52
P
9
16700
820
6
PTWHB
BE40
4
FALSE
346
180
4600
9
57
