SBBR
160
8
7000
4000
26
1014
6
0
0
0
15
P
1
1300
600
7
GLO1607
B733
3
TRUE
284
7
40
P
2
1300
800
7
TAM3217
A320
3
TRUE
284
7
40
P
3
-16550
1450
7
TAM3035
A320
3
FALSE
104
190
2000
7
40
P
4
-16550
1450
7
ONE6056
B733
3
FALSE
104
190
2000
7
40
P
5
1300
600
7
TAM3024
A320
3
TRUE
284
7
40
P
6
-16550
1450
7
TAM3201
FK10
3
FALSE
104
190
2000
7
40
P
7
1300
800
7
ARG1305
B727
3
TRUE
284
7
40
P
8
-16550
1450
7
TAM3228
FK10
3
FALSE
104
190
2000
7
40
P
9
1300
600
7
GLO1855
B737
3
TRUE
284
7
40
P
10
-16550
1450
7
ONE6682
B732
3
FALSE
104
190
2000
7
40
P
11
-16550
1450
4
PT-EMN
LJ31
4
FALSE
104
180
2000
7
40
P
12
-16550
1450
7
GLO1826
B737
3
FALSE
104
190
2000
7
40
P
13
-16550
1450
4
PT-OOZ
LJ35
4
FALSE
104
180
2000
7
40
P
14
-16550
1450
7
N107GX
E145
3
FALSE
104
180
2000
7
40
P
15
1300
700
7
VRN2013
B737
3
TRUE
284
7
40
