SBBR
130
8
5000
2000
25
1014
6
0
0
0
15
P
1
1300
600
7
TAM3035
A320
3
TRUE
284
7
40
P
2
1300
800
7
ONE6056
B733
3
TRUE
284
7
40
P
3
-16550
1450
7
VRN2003
B733
3
FALSE
104
190
2000
7
40
P
4
1300
700
7
GLO1837
B733
3
TRUE
284
7
40
P
5
2850
1600
4
PT-EMN
LJ31
4
TRUE
14
7
40
P
6
-16550
1450
7
GLO1607
B733
3
FALSE
104
190
2000
7
40
P
7
1300
700
7
ONE6682
B732
3
TRUE
284
7
40
P
8
1300
600
7
GLO1626
B737
3
TRUE
284
7
40
P
9
-16550
1450
7
TAM8760
A330
3
FALSE
104
190
2000
7
40
P
10
-16550
1450
7
TAM3217
A320
3
FALSE
104
190
2000
7
40
P
11
1300
600
7
TAM3228
A320
3
TRUE
284
7
40
P
12
-16550
1450
7
GLO1855
B733
3
FALSE
104
190
2000
7
40
P
13
1300
800
7
ONE6254
FK10
3
TRUE
284
7
40
P
14
1300
750
7
TAM8096
A320
3
TRUE
284
7
40
P
15
-16550
1450
7
WEB6019
B737
3
FALSE
104
190
2000
7
40
