SBBR
140
8
5000
1500
21
1011
11
0
0
0
8
A
2
2750
930
3
FAB2185
E110
1
TRUE
194
A
3
1300
700
7
TAM8673
F100
3
TRUE
284
A
4
380
900
2
PTRFF
PA34
1
TRUE
194
P
5
-16550
1450
4
TTL3453
E120
2
FALSE
104
190
2300
11
2
P
6
-16550
1450
7
KLM8503
DC10
3
FALSE
104
230
2500
11
7
P
7
-16550
1450
7
AFR0921
B738
3
FALSE
104
220
2300
11
10
P
8
-16550
1450
7
ONE9105
F100
3
FALSE
104
210
2300
11
16
P
9
-16550
1450
7
DLH8035
B738
3
FALSE
104
220
2100
11
21
