SBBR
140
8
5000
1500
21
1011
11
0
0
0
8
A
2
2750
930
3
FAB2187
E110
1
TRUE
194
A
3
1300
700
7
TAM8675
F100
3
TRUE
284
A
4
380
900
2
PTRFH
PA34
1
TRUE
194
P
5
-16550
1450
4
TTL3455
E120
2
FALSE
104
190
2300
11
2
P
6
-16550
1450
7
KLM8505
DC10
3
FALSE
104
230
2500
11
7
P
7
-16550
1450
7
AFR0923
B738
3
FALSE
104
220
2300
11
10
P
8
-16550
1450
7
ONE9107
F100
3
FALSE
104
210
2300
11
16
P
9
-16550
1450
7
DLH8037
B738
3
FALSE
104
220
2100
11
21
