SBBR
140
8
5000
1500
21
1011
11
0
0
0
8
A
2
2750
930
3
FAB2186
E110
1
TRUE
194
A
3
1300
700
7
TAM8674
F100
3
TRUE
284
A
4
380
900
2
PTRFG
PA34
1
TRUE
194
P
5
-16550
1450
4
TTL3454
E120
2
FALSE
104
190
2300
11
2
P
6
-16550
1450
7
KLM8504
DC10
3
FALSE
104
230
2500
11
7
P
7
-16550
1450
7
AFR0922
B738
3
FALSE
104
220
2300
11
10
p
8
-16000
1450
7
ONE9109
F100
3
FALSE
104
210
2300
11
16
P
9
-16550
1450
7
DLH8036
B738
3
FALSE
104
220
2100
11
21
