SBBR
150
6
7500
3000
26
1015
11
0
0
0
8
A
1
1030
1000
2
PPMMI
C180
1
TRUE
210
A
2
1300
600
7
AZA6124
B737
3
TRUE
284
P
3
18000
-3000
6
N455LE
LJ35
4
FALSE
290
200
2500
11
19
P
4
-16550
1450
6
PTLGN
LJ25
4
FALSE
104
220
2700
11
5
P
5
-16550
1450
7
GLO1786
B737
3
FALSE
104
230
2500
11
18
P
6
-16550
1450
7
FAB01
A319
3
FALSE
104
230
2500
11
13
A
7
2650
930
3
FAB2290
E110
1
TRUE
194
P
8
8000
7000
1
PR-HHB
AS50
5
FALSE
200
130
2000
11
17
