SBBR
120
8
8500
3500
26
1015
11
0
0
0
8
A
1
1030
1000
2
PRCKI
C180
1
TRUE
210
A
2
1300
600
7
AZA6123
B747
3
TRUE
284
P
3
8000
-7000
2
PTDHQ
C172
1
FALSE
14
120
2500
11
19
P
4
-16550
1450
6
PTLGM
LJ25
4
FALSE
104
220
2700
11
5
P
5
-16550
1450
7
GLO1785
B737
3
FALSE
104
230
2500
11
18
a
6
1300
750
7
FAB01
A319
3
TRUE
284
P
7
18000
-3000
3
FAB2174
E110
1
FALSE
300
180
3000
11
21
P
8
18000
-3000
1
N911LV
S76
5
FALSE
290
140
2000
11
7
