SBBR
160
5
9000
3000
30
1011
11
0
0
0
8
A
1
2650
930
3
FAB2180
E110
1
TRUE
194
A
2
1300
600
7
GLO6320
B735
3
TRUE
284
A
3
1300
800
7
UAL7024
B767
3
TRUE
284
P
4
-16550
1450
7
VRG8632
B733
3
FALSE
104
210
2100
11
25
P
5
-13000
-2000
3
PTZZT
E121
1
FALSE
55
180
2200
11
19
P
6
-16550
1450
7
PPSMP
B767
3
FALSE
104
210
2100
11
4
P
7
-12000
-4500
1
N347AL
R44
5
FALSE
50
130
2000
11
9
P
8
-16550
1450
7
UAL7578
A340
3
FALSE
104
230
2500
11
17
