SBBR
150
10
7000
2500
24
1015
11
0
0
0
7
A
1
1300
600
7
TAM3491
A300
3
TRUE
284
P
2
-16550
1450
7
ARG1300
B737
3
FALSE
104
220
3000
11
15
P
3
500
-6500
3
PTCDO
BE36
1
FALSE
20
150
2500
11
4
p
4
-16550
1450
4
PT-LUI
LJ35
4
FALSE
104
200
2500
11
0
A
5
1300
800
7
ONE6234
F100
3
TRUE
284
P
6
-12000
-4500
1
PR-AAN
R44
5
FALSE
50
130
2000
11
8
P
7
-16550
1450
7
DAL7553
B707
3
FALSE
104
230
2500
11
12
