SBBR
150
10
7000
2500
24
1015
11
0
0
0
7
A
1
1300
600
7
TAM3502
A300
3
TRUE
284
P
2
-16550
1450
7
ARG1302
B737
3
FALSE
104
220
3000
11
15
P
3
500
-6500
3
PTCDQ
BE36
1
FALSE
20
150
2500
11
3
P
4
-16550
1450
4
PT-LUK
LJ35
4
FALSE
104
200
2500
11
0
A
5
1300
800
7
ONE6236
F100
3
TRUE
284
P
6
-12000
-4500
1
PR-HMN
R44
5
FALSE
50
130
2000
11
8
P
7
-16550
1450
7
AFR0853
B707
3
FALSE
104
230
2500
11
12
