SBBR
130
10
8000
3500
22
1014
6
0
0
0
15
A
1
1300
600
7
VRN2227
B733
3
TRUE
284
A
2
1300
800
7
TAM3413
A320
3
TRUE
284
A
3
1300
700
7
GLO1733
B737
3
TRUE
284
P
4
-16550
1450
7
TAM3033
A320
3
FALSE
104
190
2500
6
59
P
5
-16550
1450
7
RLE7056
B733
3
FALSE
104
180
2500
7
30
P
6
1300
600
7
TAM3024
A320
3
TRUE
284
7
35
P
7
-16550
1450
4
PT-WWI
LJ35
4
FALSE
104
190
2000
6
50
P
8
-16550
1450
7
N107GX
E145
3
FALSE
104
170
2000
6
20
P
9
-16550
1450
7
TAM3481
FK10
3
FALSE
104
190
2000
6
35
P
10
1300
800
7
LLB905
B727
3
TRUE
284
6
55
P
11
-16550
1450
7
TAM3220
FK10
3
FALSE
104
190
2000
7
15
P
12
1300
600
7
VRN2205
B737
3
TRUE
284
6
20
P
13
-16550
1150
4
PT-WDB
C208
4
FALSE
104
160
2500
7
59
P
14
500
-3000
1
PR-ACC
BH06
5
FALSE
14
140
2500
7
59
P
15
-8000
2000
1
PT-STC
BH06
5
FALSE
100
130
2500
7
59
