3800
2700
3479
2150
1100
-15
poligono
40
500
1500
3650
1500
3650
1400
3690
1350
3690
1150
1810
1150
1800
1140
1800
330
1760
330
1750
350
1740
360
1630
360
1620
350
1610
330
1570
330
1570
400
1550
440
1530
450
1510
440
1410
360
1250
650
1250
870
1220
870
1220
910
1130
940
1160
1040
970
1130
950
1120
780
850
500
850
500
970
420
970
420
840
250
840
250
1050
850
1050
910
1130
890
1150
500
1150
500
1500
1
poligono
9
2640
1500
2650
1510
2650
1570
2560
1570
2560
1650
3130
1650
3130
1570
2990
1570
3060
1500
1
poligono
8
2710
1500
2700
1510
2700
1560
2710
1570
2920
1570
2980
1510
2970
1500
2710
1500
3
poligono
6
2990
1150
2980
1140
2980
890
2500
890
2500
1140
2490
1150
1
poligono
9
2710
1110
2700
1100
2560
1100
2550
1110
2550
1140
2560
1150
2700
1150
2710
1140
2710
1110
3
poligono
13
2930
1060
2920
1050
2880
1050
2880
1080
2910
1080
2910
1100
2770
1100
2760
1110
2760
1140
2770
1150
2920
1150
2930
1140
2930
1060
3
poligono
24
1250
570
1200
650
1200
690
1160
690
1160
870
1200
870
1200
910
1230
940
1230
960
1250
980
1280
980
1300
960
1300
930
1280
910
1250
910
1230
920
1220
910
1220
870
1250
870
1250
690
1220
690
1220
650
1260
580
1250
570
0
poligono
16
1510
890
1520
900
1530
900
1550
890
1560
870
1560
520
1550
500
1530
490
1520
490
1510
500
1510
530
1500
550
1460
650
1460
750
1510
870
1510
890
3
poligono
9
1610
930
1620
940
1750
940
1760
930
1760
410
1750
400
1620
400
1610
410
1610
930
3
poligono
9
1750
1100
1750
1000
1740
980
1630
980
1610
1000
1610
1100
1630
1150
1730
1150
1750
1100
3
poligono
11
1560
1130
1560
1000
1550
990
1530
990
1170
1080
1120
1110
1110
1120
1110
1140
1120
1150
1550
1150
1560
1130
3
poligono
10
1110
1070
1090
1040
1090
1030
1100
1020
1130
1000
1100
950
940
1020
970
1080
1050
1050
1070
1080
1
poligono
7
840
1030
810
990
660
990
650
1000
650
1020
660
1030
840
1030
3
poligono
9
630
1020
630
1000
620
990
410
990
400
1000
400
1020
410
1030
620
1030
630
1020
3
poligono
9
380
1000
370
990
280
990
270
1000
270
1020
280
1030
370
1030
380
1020
380
1000
3
poligono
9
920
1200
560
1200
550
1210
550
1350
600
1400
1220
1400
1230
1390
1230
1380
920
1200
3
poligono
12
1740
1200
1110
1200
1090
1220
1090
1240
1100
1250
1320
1370
1430
1400
2000
1400
2010
1390
2010
1380
2000
1370
1740
1200
3
poligono
14
2680
1200
1890
1200
1880
1210
1880
1230
1890
1240
2100
1380
2150
1390
2220
1400
2520
1400
2540
1390
2570
1370
2690
1220
2690
1210
2680
1200
3
poligono
10
3630
1350
3630
1220
3610
1200
2770
1200
2640
1360
2630
1370
2630
1390
2650
1400
3590
1400
3630
1350
3
poligono
5
2600
1650
2600
1740
2700
1740
2700
1650
2600
1650
0
poligono
5
2800
1650
2800
1720
3020
1720
3020
1650
2800
1650
0
poligono
5
2800
800
2800
890
2960
890
2960
800
2800
800
0
poligono
5
2700
750
2580
750
2580
890
2700
890
2700
750
0
poligono
5
680
750
680
850
770
850
770
750
680
750
0
poligono
5
600
750
510
750
510
850
600
850
600
750
0
poligono
5
770
1050
660
1050
660
1100
770
1100
770
1050
0
poligono
5
620
1050
270
1050
270
1100
620
1100
620
1050
0
VOR
-1400
1450
0
linhasCabec
530
1470
590
1470
linhasCabec
530
1420
590
1420
linhasCabec
3560
1420
3620
1420
linhasCabec
3560
1470
3620
1470
linhasPista
630
1450
3520
1450
FimImagem
43
530
1370
2
2
43
530
1180
2
1
3
940
1180
4
2
4
14
35
1030
1230
3
3
14
32
1580
1180
3
3
6
24
1780
1180
3
5
7
13
2520
1180
3
6
8
23
2730
1180
4
7
9
12
22
2950
1180
3
8
10
20
3650
1180
2
9
11
3650
1370
2
10
42
2600
1370
2
8
39
2040
1370
2
6
33
1260
1370
2
4
28
2670
1520
2
16
40
2670
1590
2
15
17
2800
1590
2
16
18
2960
1590
2
17
19
3000
1520
2
18
41
2950
1050
2
9
21
2900
1000
2
20
22
2730
1000
3
8
21
23
2520
1000
2
7
22
1580
960
2
5
25
1420
940
3
24
26
30
1420
750
2
25
27
1420
560
1
26
1350
1450
3
14
29
43
2050
1450
3
13
28
33
1300
1020
2
25
31
1200
1050
2
30
32
1100
1100
4
3
4
31
34
2150
1450
3
13
29
39
1050
1020
1
32
910
1110
3
3
4
36
830
980
2
35
37
650
980
2
36
38
320
980
1
37
2600
1450
3
12
33
40
2670
1450
3
15
39
41
3000
1450
3
19
40
42
3550
1450
2
11
41
600
1450
2
1
28
1
3150
11
500
1450
3
650
1450
1400
1450
2200
1450
5
33
39
40
41
42
29
3650
1450
3
3530
1450
2500
1450
2000
1450
5
28
29
39
40
43
