3000
2250
300
1500
1300
-40
poligono
22
250 1100
250 1400
650 1500
950 1500
950 1600
1200 1600
1200 1700
1350 1700
1400 1600
1450 1600
1450 1500
2750 1500
2750 1280
2250 1280
2050 1100
2050 1000
1550 1000
1550 950
1350 950
1350 900
1050 900
1050 1100
1
poligono
4
1350 950
1350 850
1450 850
1450 950
0
poligono
7
290 1330
290 1385
650 1470
1055 1470
1075 1450
1075 1370
1055 1330
3
poligono
8
1120 1450
1140 1470
1630 1470
1650 1450
1650 1350
1630 1330
1140 1330
1120 1350
3
poligono
8
1690 1450
1710 1470
2180 1470
2200 1450
2200 1350
2180 1330
1710 1330
1690 1350
3
poligono
8
2240 1450
2260 1470
2690 1470
2710 1450
2710 1350
2690 1330
2260 1330
2240 1370
3
poligono
9
290 1260
310 1280
1040 1280
1070 1270
1140 1160
1140 1140
1120 1130
310 1130
290 1150
3
poligono
10
1120 1250
1120 1270
1130 1280
2140 1280
2160 1270
2160 1240
2060 1150
2020 1130
1220 1130
1180 1150
3
poligono
4
2205 1500
2235 1500
2235 1700
2205 1700
1
poligono
8
1020 1610
1020 1640
1050 1640
1050 1670
1100 1670
1100 1640
1130 1640
1130 1610
0
linhasCabec
260 1300
300 1300
linhasCabec
2700 1300
2740 1300
linhasPista
400 1300
2600 1300
linha
340 1320
350 1310
7
linha
350 1310
320 1310
7
linha
350 1300
350 1290
7
linha
350 1290
340 1300
7
linha
340 1300
340 1290
7
linha
340 1290
330 1290
7
linha
330 1290
320 1300
7
linha
2650 1290
2650 1300
7
linha
2650 1300
2660 1290
7
linha
2660 1290
2660 1300
7
linha
2660 1300
2670 1300
7
linha
2660 1300
2680 1290
7
linha
2660 1310
2650 1320
7
linha
2650 1320
2680 1320
7
FimImagem

22

1120 1040
4
4 5 2 6

1450 1050
3
1 5 6

270 1110
2
4 8

1060 1110
3
1 3 5

1200 1110
5
4 1 2 6 7

2050 1110
3
2 5 22

1080 1270
2
5 9

270 1300
3
3 9 13

1100 1300
4
8 7 16 10

1670 1300
3
9 18 11

2225 1300
4
10 19 12 22

2730 1300
2
11 20

270 1380
2
8 14

650 1480
2
13 15

980 1480
3
14 16 21

1100 1480
4
15 9 17 21

1420 1480
3
16 18 21

1670 1480
3
17 10 19

2205 1480
3
18 11 20

2730 1480
2
19 12

1300 1550
3
15 16 17

2220 1260
2
6 11


1
2500
13
250 1300
2
350 1300
1200 1300
4
9 10 11 12
31
2750 1300
2
2650 1300
2100 1300
4
8 9 10 11
