4000
3000
10
2000
1500
-10
poligono
30
450
1420
3640
1420
3640
1570
3630
1600
3590
1630
3550
1600
3540
1570
3310
1570
3280
1600
3280
1820
3210
1890
900
1890
860
1910
950
2040
1070
1980
1200
2200
1020
2290
800
1940
730
1970
720
1990
730
2030
850
2230
880
2210
960
2330
620
2520
260
1910
500
1770
380
1570
360
1570
360
1420
1
poligono
35
360
1420
380
1420
300
1160
240
1180
200
1110
180
1120
130
1030
160
1010
50
790
460
590
650
1000
370
1130
640
1040
1090
810
1100
790
880
370
850
350
850
290
920
290
920
340
1140
780
1110
860
1100
880
1120
920
1160
910
1230
1040
940
1200
860
1070
890
1050
860
990
670
1090
390
1170
380
1200
450
1420
360
1420
1
poligono
37
1140
780
2030
320
2100
320
2200
330
2270
370
2320
420
2330
540
2320
570
2270
600
2250
570
2280
500
2280
450
2240
410
2200
390
2060
380
2170
580
2090
630
2060
590
2070
530
2000
400
1830
490
1880
550
1930
570
2010
720
1880
790
1860
740
1870
640
1850
600
1790
540
1790
570
1800
590
1800
700
1700
700
1700
590
1730
580
1730
540
1110
860
1
VOR
3000
2100
4
obstaculo
1850
1330
7
NDB
1470
1050
4
poligono
8
2570
1600
2600
1570
3180
1570
3210
1600
3210
1770
3150
1820
2630
1820
2570
1770
3
poligono
8
1270
1600
1300
1570
2450
1570
2500
1600
2500
1770
2430
1820
1330
1820
1270
1770
3
poligono
10
510
1640
520
1590
560
1570
1160
1570
1200
1600
1200
1770
1140
1820
890
1820
700
1890
620
1850
3
poligono
4
280
2080
340
2040
530
2370
480
2400
0
poligono
4
220
1990
270
1960
310
2020
260
2050
0
poligono
6
920
980
920
960
940
950
960
960
980
1000
940
1020
3
poligono
6
1010
930
1010
910
1030
900
1050
910
1070
950
1030
970
3
poligono
4
50
790
110
760
240
1040
150
1080
0
poligono
6
50
790
110
760
240
1040
150
1080
130
1030
160
1010
0
poligono
4
330
650
460
590
500
680
380
740
0
poligono
4
850
250
900
250
900
290
850
290
0
poligono
4
1860
740
1890
720
1920
770
1880
790
0
poligono
4
1940
700
1990
670
2010
720
1970
740
0
poligono
4
2120
560
2150
550
2170
580
2140
600
0
poligono
4
2270
600
2320
570
2340
590
2280
630
0
poligono
4
1500
2050
1600
2050
1600
2100
1500
2100
0
linhasPista
450
1500
3550
1500
linhasCabec
370
1550
430
1550
linhasCabec
370
1450
430
1450
linhasCabec
370
1500
430
1500
linhasCabec
3570
1450
3630
1450
linhasCabec
3570
1500
3630
1500
linhasCabec
3570
1550
3630
1550
FimImagem
36
440
1500
3
2
9
26
1230
1500
3
1
10
23
1230
1850
3
4
18
23
900
1850
2
3
19
650
2000
3
8
19
25
700
2300
1
5
450
1900
2
8
25
550
1800
3
5
7
9
450
1600
2
1
8
2540
1500
3
2
14
22
2540
1850
3
12
15
22
2900
1850
2
11
13
3220
1850
2
12
21
3240
1500
3
10
20
21
2300
1850
2
11
16
2100
1850
2
15
17
1800
1850
2
16
18
1500
1850
2
3
17
800
1900
2
4
5
3550
1500
1
14
3250
1700
2
13
14
2540
1700
2
10
11
1240
1700
2
2
3
650
2200
2
6
25
550
2050
3
5
7
24
410
1410
2
1
27
340
1180
3
26
28
29
310
1100
1
27
650
1060
2
27
30
870
960
3
29
31
33
960
910
3
30
32
34
1060
860
3
31
35
36
930
1040
1
30
1020
1000
1
31
1100
950
1
32
1140
810
1
32
1
3280
10
360
1500
2
480
1500
1300
1500
2
10
14
28
3640
1500
3
3500
1500
3200
1500
2500
1500
3
1
2
10
