3000
2250
2990
1400
830
-10
poligono
20
400 860
1380 860
2385 1770
2430 1730
1900 1250
1900 860
2600 860
2600 770
2430 630
2150 630
2150 450
1570 450
1570 630
1440 630
1320 520
1100 520
1050 560
1060 570
840 800
400 800
1
poligono
3
1860 1205
1860 860
1475 860
3
poligono
3
1310 800
1095 600
900 800
3
poligono
6
1410 800
1860 800
1860 680
1430 680
1300 560
1150 560
3
poligono
5
1900 800
2530 800
2530 760
2420 680
1900 680
3
poligono
4
1850 390
2100 390
2100 430
1850 430
0
linhasCabec
410 830
450 830
linhasCabec
2550 830
2590 830
linhasCabec
1090 550
1130 580
linhasCabec
2360 1710
2390 1740
linhasPista
470 830
2530 830
linhasPista
1130 590
2350 1700
NDB
-710 830
0
NDB
-8860 830
0
NDB
13400 830
0
FimImagem

17

1880 650
3
2 6 16

2100 650
3
1 3 6

2430 650
2
2 4

2560 760
2
3 5

2560 830
2
4 6

1880 830
4
1 5 7 10

1400 830
4
6 8 10 17

860 830
3
7 9 15

450 830
1
8

1880 1270
3
6 7 11

2370 1720
1
10

1440 650
2
13 16

1310 530
2
12 14

1150 530
2
13 15

1090 550
3
8 14 17

1650 650
2
1 12

1130 590
2
7 15

2
2200
15
400 830
2
550 830
950 830
3
7 6 5
33
2600 830
2
2450 830
1800 830
3
7 8 9
1800
11
1075 535
2
1170 620
1450 880
2
10 11
29
2405 1750
2
2300 1650
1830 1230
2
7 15

