4000
3000
1000
2000
1400
-30
poligono
15
500
2000
3500
2000
3500
1680
3200
1680
3200
700
2560
700
2440
900
2440
1200
2560
1400
2560
1680
1600
1680
1600
1350
1100
1350
1100
1680
500
1680
1
poligono
6
540
1740
540
1920
560
1940
1260
1940
1280
1900
1080
1740
3
poligono
8
1160
1740
1160
1760
1360
1920
1400
1940
2000
1940
2060
1900
2160
1760
2160
1740
3
poligono
7
2220
1740
2120
1880
2140
1940
2760
1940
2820
1880
2920
1760
2920
1740
3
poligono
6
2990
1740
2880
1880
2900
1940
3440
1940
3460
1920
3460
1740
3
poligono
4
1200
1600
1200
1680
1500
1680
1500
1600
3
poligono
4
2560
1600
2560
1680
2700
1680
2700
1600
3
poligono
4
2760
1600
2760
1680
2920
1680
2920
1600
3
poligono
4
2980
1600
2980
1680
3140
1680
3140
1600
3
poligono
10
2400
1260
2240
1260
2240
900
2400
900
2530
680
2560
700
2440
900
2440
1200
2560
1400
2530
1420
0
FimImagem
26
520
1970
2
2
17
1320
1970
3
1
3
16
2080
1970
3
2
4
25
2840
1970
3
3
5
26
3480
1970
2
4
6
3480
1710
2
5
7
3170
1710
3
6
8
23
2950
1710
4
7
9
10
22
2950
1740
2
8
26
2730
1710
3
8
11
21
2190
1710
3
10
12
13
2190
1740
2
11
25
1550
1710
3
11
14
20
1150
1710
4
13
15
17
18
1120
1740
2
14
16
1320
1920
2
2
15
520
1710
2
1
14
1150
1560
2
14
19
1350
1560
2
18
20
1550
1560
2
13
19
2730
1500
3
10
22
24
2950
1500
4
8
21
23
24
3170
1500
3
7
22
24
2800
1100
3
21
22
23
2090
1920
2
3
12
2840
1920
2
4
9
1
3000
12
500
1970
3
600
1970
1440
1970
2220
1970
3
3
4
5
30
3500
1970
3
3370
1970
2700
1970
1960
1970
3
1
2
3
