2400
1800
2628
1200
900
-75
poligono
38
200
845
470
845
470
895
530
1010
480
1010
480
1060
540
1060
540
1135
1000
1135
1060
1250
1945
1250
1945
1100
1900
1100
1900
1060
1930
1060
1930
1010
1455
1010
1440
985
1440
895
1445
875
1455
860
1475
845
2200
845
2200
720
2175
685
1975
685
1975
550
1850
550
1850
660
1440
660
1440
150
1150
150
1150
550
950
550
750
450
375
710
300
710
200
760
1
poligono
4
650
1160
950
1160
950
1135
650
1135
1
poligono
4
650
1160
675
1160
675
1135
650
1135
3
poligono
4
710
1160
780
1160
780
1135
710
1135
3
poligono
4
815
1160
875
1160
875
1135
815
1135
3
poligono
4
920
1160
950
1160
950
1135
920
1135
3
poligono
4
625
1160
625
1275
975
1275
975
1160
0
poligono
4
1750
1375
1945
1375
1945
1250
1750
1250
0
poligono
5
575
1100
1025
1100
995
1060
580
1060
575
1065
3
poligono
7
1065
1100
1115
1100
1125
1095
1140
1070
1130
1060
1055
1060
1045
1070
3
poligono
6
1165
1100
1390
1100
1400
1095
1400
1070
1390
1060
1190
1060
3
poligono
8
1450
1100
1860
1100
1865
1095
1865
1070
1860
1060
1450
1060
1435
1065
1435
1090
3
poligono
13
585
1010
1370
1010
1395
1000
1405
985
1405
895
1400
875
1390
860
1370
845
530
845
515
855
510
875
510
895
560
990
3
poligono
9
285
795
405
795
435
785
450
775
450
760
430
745
320
745
275
770
270
785
3
poligono
9
525
795
1385
795
1400
790
1410
770
1400
750
1390
745
520
745
505
765
510
775
3
poligono
12
1445
795
2025
795
2035
775
2035
750
2025
730
2005
720
1985
715
1465
715
1450
725
1440
745
1440
770
1445
785
3
poligono
12
2090
795
2145
795
2160
785
2165
775
2165
735
2160
725
2145
715
2090
715
2075
725
2070
735
2070
775
2075
785
3
poligono
5
350
675
375
675
450
620
435
590
350
650
0
poligono
19
525
585
750
425
950
525
970
485
1000
490
1040
490
1075
470
1100
445
1090
430
1070
450
1035
470
1000
470
970
465
800
380
820
345
750
310
455
540
490
575
510
570
0
poligono
7
1110
550
1295
550
1310
540
1310
150
1150
150
1150
450
1110
450
0
poligono
5
1475
685
1590
685
1590
660
1440
660
1455
675
3
poligono
4
1625
685
1700
685
1700
660
1625
660
3
poligono
4
1735
685
1850
685
1850
660
1735
660
3
poligono
4
1475
660
1650
660
1650
550
1475
550
0
NDB
-9830
820
0
NDB
-1230
820
0
NDB
11730
820
0
NDB
3510
820
0
linhasCabec
325
820
350
820
linhasCabec
485
1035
510
1035
linhasCabec
1900
1035
1925
1035
linhasCabec
2100
820
2125
820
linhasPista
375
820
2075
820
linhasPista
535
1035
1875
1035
FimImagem
43
560
1120
2
2
9
690
1120
3
1
3
41
795
1120
3
2
4
42
905
1120
3
3
5
43
1055
1120
3
4
6
10
1135
1120
3
5
7
11
1420
1120
3
6
8
12
1885
1120
2
7
13
560
1035
3
1
10
14
1005
1035
3
5
9
11
1180
1035
3
6
10
12
1420
1035
4
7
11
13
19
1885
1035
2
8
12
490
900
2
9
15
495
850
4
14
17
18
25
2060
820
2
17
22
455
820
4
15
16
18
25
530
820
4
15
17
19
25
1425
820
4
12
18
20
31
2055
820
3
19
21
37
2150
820
2
20
40
240
775
2
16
23
300
725
2
22
24
480
725
3
23
25
26
480
775
4
15
17
18
24
700
725
2
24
27
900
725
2
26
28
1100
725
2
27
29
1250
725
2
28
31
1400
250
1
31
1420
700
4
19
29
30
32
1610
700
3
31
33
34
1610
650
1
32
1720
700
3
32
35
36
1720
650
1
34
1925
700
2
34
37
2050
700
3
20
36
38
2150
700
2
37
39
2180
725
2
38
40
2185
785
2
21
39
690
1175
2
2
42
795
1175
3
3
41
43
905
1175
2
4
42
2
2000
17R
200
820
2
300
820
575
820
3
19
20
21
35L
2200
820
3
2125
820
2000
820
1375
820
3
16
18
19
1450
17L
480
1035
2
600
1035
1075
1035
4
10
11
12
13
35R
1930
1035
2
1850
1035
1375
1035
4
12
11
10
9
