2400
1800
3094
1200
900
-130
poligono
4
0
1250
2400
1250
2400
550
0
550
3
poligono
31
200
950
2200
950
2200
850
2170
830
2170
670
2350
670
2350
350
2250
350
2250
380
2170
380
2170
420
2030
420
2030
390
1910
390
1910
450
1950
450
1950
590
1940
610
1920
620
1690
620
1670
610
1660
590
1660
460
1610
460
1610
640
1620
660
1640
670
1840
670
1740
830
1690
850
200
850
1
poligono
6
1630
1050
1620
1070
1620
1090
1660
1090
1660
1070
1650
1050
0
poligono
4
1630
1050
1630
950
1650
950
1650
1050
1
poligono
9
1890
670
1800
820
1800
840
1830
850
2070
850
2100
840
2120
820
2120
700
2090
670
3
poligono
4
2100
370
2100
400
2150
400
2150
370
0
poligono
6
2050
390
2050
370
2030
370
2030
350
1990
350
1990
390
0
poligono
4
1760
360
1740
360
1740
380
1760
380
0
poligono
4
1680
380
1590
380
1590
460
1680
460
0
NDB
1830
390
2
linhasCabec
230
870
280
870
linhasCabec
230
930
280
930
linhasCabec
2120
930
2170
930
linhasCabec
2170
870
2120
870
linhasPista
300
900
2100
900
linha
2010
790
2010
820
0
linha
2020
820
2020
790
0
linha
330
940
340
930
7
linha
340
930
340
910
7
linha
340
910
320
910
7
linha
320
910
300
940
7
linha
300
940
300
910
7
linha
330
890
340
880
7
linha
340
880
340
860
7
linha
340
860
320
860
7
linha
320
860
300
890
7
linha
300
890
300
860
7
linha
2060
870
2060
880
7
linha
2060
880
2070
890
7
linha
2070
890
2090
890
7
linha
2090
890
2100
880
7
linha
2100
880
2100
870
7
linha
2100
870
2090
860
7
linha
2090
860
2070
860
7
linha
2070
860
2060
870
7
linha
2100
930
2060
930
7
linha
2060
930
2060
920
7
linha
2060
920
2080
910
7
linha
2080
910
2090
910
7
linha
2090
910
2090
940
7
FimImagem
14
300
900
1
2
700
900
2
1
3
1700
900
3
2
4
14
1850
900
2
3
5
2100
900
2
4
6
2140
830
2
5
7
2140
640
2
6
8
2150
550
2
9
7
2000
550
2
8
10
1950
640
2
9
11
1880
640
3
10
12
14
1640
640
2
11
13
1630
420
1
12
1770
830
3
3
4
11
1
2000
04
2200
900
1
2100
900
2
3
5
22
200
900
1
300
900
2
3
5
